1    -941.763
2    -941.258
3    -940.701
4    -940.088
5    -939.008
6    -936.175
7    -931.817
8    -926.785
9    -921.611
10    -916.43
11    -911.256
12    -905.651
13    -898.605
14    -889.497
15    -880.103
16    -871.321
17    -863.101
18    -855.176
19    -847.699
20    -840.847
21    -834.364
22    -827.546
23    -821.284
24    -816.397
25    -812.099
26    -807.314
27    -801.972
28    -796.332
29    -790.555
30    -785.022
31    -779.726
32    -774.377
33    -769.166
34    -764.024
35    -758.994
36    -754.245
37    -749.5
38    -744.773
39    -740.312
40    -736.144
41    -732.112
42    -728.148
43    -724.343
44    -720.602
45    -716.906
46    -712.994
47    -709.146
48    -705.273
49    -701.439
50    -697.805
51    -694.185
52    -690.681
53    -687.247
54    -683.785
55    -680.54
56    -677.331
57    -674.315
58    -671.289
59    -668.115
60    -665.095
61    -662.073
62    -659.095
63    -656.239
64    -653.694
65    -651.253
66    -648.865
67    -646.532
68    -644.271
69    -642.129
70    -640.09
71    -638.069
72    -636.135
73    -634.175
74    -632.321
75    -630.477
76    -628.575
77    -626.579
78    -624.573
79    -622.684
80    -620.674
81    -618.899
82    -617.163
83    -615.433
84    -613.679
85    -611.964
86    -610.217
87    -608.475
88    -606.795
89    -605.132
90    -603.49
91    -602.081
92    -600.692
93    -599.392
94    -598.21
95    -596.954
96    -595.713
97    -594.645
98    -593.711
99    -592.702
100    -591.854
101    -590.857
102    -589.974
103    -589.066
104    -588.155
105    -587.277
106    -586.371
107    -585.445
108    -584.647
109    -583.924
110    -583.112
111    -582.263
112    -581.481
113    -580.789
114    -580.023
115    -579.035
116    -578.315
117    -577.753
118    -577.138
119    -576.385
120    -575.752
121    -575.403
122    -575.123
123    -574.789
124    -574.376
125    -573.814
126    -573.025
127    -572.129
128    -571.354
129    -571.068
130    -570.862
131    -570.646
132    -570.405
133    -570.266
134    -570.445
135    -571.017
136    -571.565
137    -572.012
138    -572.442
139    -572.78
140    -572.955
141    -573.054
142    -572.712
143    -572.507
144    -573.162
145    -574.227
146    -575.296
147    -576.596
148    -577.803
149    -578.7
150    -579.756
151    -581.624
152    -583.176
153    -584.317
154    -586.167
155    -588.16
156    -590.919
157    -594.215
158    -596.543
159    -597.45
160    -597.578
161    -597.822
162    -598.126
163    -598.391
164    -598.52
165    -598.96
166    -599.737
167    -601.159
168    -602.757
169    -604.231
170    -605.146
171    -605.608
172    -605.982
173    -606.28
174    -607.517
175    -609.114
176    -611.45
177    -614.084
178    -616.272
179    -618.125
180    -619.226
181    -619.903
182    -619.876
183    -620.051
184    -619.929
185    -619.903
186    -620.468
187    -621.661
188    -623.208
189    -625.028
190    -626.813
191    -629.004
192    -631.26
193    -633.442
194    -636.071
195    -638.786
196    -640.996
197    -642.947
198    -645.241
199    -647.498
200    -649.145
201    -650.302
202    -651.787
203    -653.582
204    -655.37
205    -657.032
206    -659.033
207    -661.373
208    -663.836
209    -665.945
210    -668.182
211    -670.516
212    -672.456
213    -673.287
214    -673.478
215    -673.136
216    -672.506
217    -671.705
218    -670.445
219    -668.861
220    -667.805
221    -666.414
222    -664.203
223    -662.169
224    -661.05
225    -661.104
226    -662.234
227    -664.983
228    -667.817
229    -669.877
230    -671.848
231    -673.936
232    -675.868
233    -677.546
234    -678.621
235    -679
236    -679.383
237    -679.91
238    -679.579
239    -679.208
240    -679.08
241    -679.053
242    -679.013
243    -678.51
244    -678.177
245    -678.371
246    -678.696
247    -679.26
248    -680.058
249    -680.837
250    -681.543
251    -682.843
252    -684.76
253    -686.153
254    -686.498
255    -686.58
256    -686.847
257    -687.364
258    -687.82
259    -689.051
260    -691.247
261    -694.152
262    -697.251
263    -700.089
264    -702.09
265    -702.926
266    -703.002
267    -703.366
268    -703.883
269    -704.021
270    -703.861
271    -703.634
272    -703.325
273    -703.302
274    -703.421
275    -703.414
276    -703.21
277    -703.487
278    -704.363
279    -705.261
280    -705.978
281    -706.604
282    -707.625
283    -708.812
284    -710.08
285    -711.649
286    -713.394
287    -715.232
288    -716.994
289    -718.622
290    -719.808
291    -720.593
292    -721.064
293    -721.742
294    -722.247
295    -722.37
296    -722.028
297    -721.222
298    -719.98
299    -718.081
300    -715.398
301    -712.219
302    -708.905
303    -705.616
304    -701.522
305    -696.606
306    -691.891
307    -687.43
308    -683.623
309    -680.196
310    -676.828
311    -673.361
312    -669.82
313    -666.093
314    -661.729
315    -656.909
316    -652.133
317    -647.644
318    -643.491
319    -639.582
320    -635.85
321    -632.412
322    -629.23
323    -626.355
324    -623.784
325    -621.431
326    -618.847
327    -615.59
328    -611.947
329    -608.095
330    -604.063
331    -599.896
332    -595.929
333    -592.036
334    -588.198
335    -584.32
336    -580.742
337    -577.505
338    -574.042
339    -570.541
340    -567.375
341    -564.977
342    -563.098
343    -561.406
344    -559.509
345    -557.374
346    -555.014
347    -552.489
348    -549.751
349    -547.171
350    -544.979
351    -542.773
352    -540.562
353    -538.273
354    -535.857
355    -533.2
356    -530.463
357    -527.806
358    -525.211
359    -522.383
360    -519.522
361    -516.596
362    -513.472
363    -510.174
364    -507.055
365    -504.032
366    -500.969
367    -497.787
368    -494.218
369    -490.421
370    -487.06
371    -484.264
372    -481.183
373    -477.671
374    -473.88
375    -470.469
376    -467.307
377    -464.527
378    -462.405
379    -460.039
380    -457.382
381    -454.363
382    -450.879
383    -447.297
384    -444.169
385    -441.527
386    -439.625
387    -438.317
388    -437.181
389    -435.931
390    -434.623
391    -433.401
392    -432.315
393    -431.369
394    -430.644
395    -429.824
396    -429.394
397    -430.284
398    -432.183
399    -435.37
400    -438.926
401    -441.807
402    -444.033
403    -446.145
404    -448.479
405    -450.647
406    -452.69
407    -454.355
408    -455.836
409    -456.899
410    -457.633
411    -457.953
412    -457.789
413    -457.596
414    -457.666
415    -457.788
416    -457.977
417    -458.22
418    -458.579
419    -458.674
420    -459.121
421    -459.799
422    -460.585
423    -461.644
424    -462.892
425    -464.42
426    -465.639
427    -467.175
428    -469.261
429    -471.42
430    -473.147
431    -474.597
432    -475.787
433    -477.099
434    -478.482
435    -479.959
436    -481.559
437    -483.035
438    -484.376
439    -485.473
440    -486.221
441    -486.333
442    -486.495
443    -486.876
444    -487.478
445    -487.895
446    -488.732
447    -489.685
448    -490.364
449    -491.109
450    -491.576
451    -492.124
452    -492.898
453    -494.151
454    -495.548
455    -496.997
456    -498.729
457    -500.949
458    -503.295
459    -505.453
460    -507.939
461    -510.233
462    -512.118
463    -513.69
464    -515.05
465    -516.587
466    -518.026
467    -519.525
468    -520.856
469    -522.067
470    -523.095
471    -523.364
472    -523.476
473    -523.237
474    -522.5
475    -521.518
476    -520.486
477    -519.514
478    -518.639
479    -517.659
480    -516.999
481    -516.43
482    -515.794
483    -515.075
484    -514.584
485    -514.234
486    -514.193
487    -514.428
488    -515.137
489    -516.051
490    -516.861
491    -517.604
492    -518.554
493    -519.725
494    -520.893
495    -521.745
496    -522.606
497    -523.837
498    -525.228
499    -526.565
500    -527.757
501    -528.601
502    -529.203
503    -529.842
504    -530.586
505    -530.985
506    -531.116
507    -531.683
508    -532.075
509    -532.412
510    -532.81
511    -532.958
512    -533.175
513    -533.561
514    -533.955
515    -534.256
516    -534.474
517    -534.547
518    -534.962
519    -535.899
520    -537.034
521    -537.988
522    -539.267
523    -540.963
524    -542.917
525    -544.636
526    -545.964
527    -546.821
528    -547.999
529    -549.118
530    -549.768
531    -550.031
532    -550.307
533    -551.197
534    -551.719
535    -551.743
536    -551.836
537    -551.921
538    -551.963
539    -551.994
540    -552.204
541    -552.238
542    -552.085
543    -551.946
544    -552.267
545    -552.741
546    -552.935
547    -552.724
548    -551.989
549    -551.215
550    -550.333
551    -549.421
552    -548.651
553    -548.185
554    -547.833
555    -547.401
556    -546.604
557    -545.291
558    -543.984
559    -543.481
560    -544.236
